Intensity Level	Blue	Green	Red
=====================================
0              	14206	2	37        
1              	9253	7	66        
2              	7793	41	81        
3              	8251	83	116       
4              	9729	170	185       
5              	13078	328	318       
6              	18933	530	480       
7              	30058	664	753       
8              	47922	741	1019      
9              	73887	703	1489      
10             	105046	578	2074      
11             	143057	626	2773      
12             	181399	721	3750      
13             	212122	1021	4767      
14             	240542	1685	6497      
15             	270314	3370	9750      
16             	306663	6896	15010     
17             	337237	14603	25508     
18             	354275	29784	42618     
19             	342927	56734	65585     
20             	301128	98409	85715     
21             	254223	141807	100422    
22             	207710	175058	114413    
23             	164949	199296	132240    
24             	130350	221294	151060    
25             	106025	247842	172653    
26             	88949	286939	202831    
27             	73883	330810	233568    
28             	59716	354019	256411    
29             	45857	340578	273762    
30             	35223	307517	289419    
31             	27717	258524	289768    
32             	23844	204729	270904    
33             	21481	152417	240717    
34             	20755	114475	206698    
35             	19775	89564	171619    
36             	19249	75450	141593    
37             	18581	69190	117221    
38             	17914	60819	95726     
39             	17535	46953	79528     
40             	16981	33447	67999     
41             	16467	24663	54049     
42             	16076	19747	42515     
43             	15580	17430	32590     
44             	16219	16162	26340     
45             	16061	15323	23510     
46             	16314	15392	21468     
47             	16316	15733	20591     
48             	16414	15887	19785     
49             	16366	15941	18707     
50             	16328	15785	18808     
51             	15983	15549	19104     
52             	15752	15667	20046     
53             	16046	15349	21913     
54             	16484	15576	22176     
55             	15991	16820	21763     
56             	15425	17987	20861     
57             	14443	18612	19885     
58             	13977	18110	20066     
59             	13358	17666	20486     
60             	13140	17173	20858     
61             	12566	16690	21254     
62             	12092	16469	20529     
63             	12213	16703	19505     
64             	11865	16155	18507     
65             	11924	16215	18365     
66             	11903	16183	17470     
67             	11579	16026	16947     
68             	11679	15743	15974     
69             	11903	14849	16127     
70             	11945	14901	15839     
71             	11240	14524	15170     
72             	11199	14168	15233     
73             	10791	13917	15295     
74             	10348	13697	15536     
75             	10449	13161	15028     
76             	9953	13441	14758     
77             	9847	13644	14573     
78             	9792	13357	14305     
79             	9932	13297	13868     
80             	9980	13263	14311     
81             	10353	13864	13914     
82             	10105	13235	12847     
83             	10293	13035	12797     
84             	10167	13060	12900     
85             	10285	13380	12514     
86             	10325	13191	12341     
87             	9721	12983	11791     
88             	9562	12838	12309     
89             	9197	12213	12360     
90             	8863	12415	12300     
91             	8864	11828	12305     
92             	9149	11858	12057     
93             	9471	11570	11431     
94             	9811	11462	11474     
95             	10107	11844	11767     
96             	10051	11708	12221     
97             	9789	11236	12362     
98             	9952	11056	11656     
99             	10321	10592	11584     
100            	10687	10747	10806     
101            	10079	10905	10454     
102            	10080	11250	10621     
103            	9862	11124	12008     
104            	9867	10636	13625     
105            	10646	10579	13828     
106            	11165	10212	13589     
107            	11204	9962	13591     
108            	11821	10309	13260     
109            	12179	10989	12894     
110            	12897	12484	12857     
111            	13058	14149	12726     
112            	13652	14361	13008     
113            	13950	13620	13153     
114            	14733	13568	13868     
115            	14897	13694	14371     
116            	14294	14245	15093     
117            	13683	14322	15938     
118            	13709	14509	16512     
119            	13527	15098	16432     
120            	13852	15605	17235     
121            	14673	15849	17692     
122            	15097	16036	18349     
123            	16189	16196	18839     
124            	16783	16406	19819     
125            	17141	16700	22025     
126            	19010	17315	25279     
127            	21831	18199	28066     
128            	24030	19813	30201     
129            	26438	20732	32581     
130            	29839	23069	35413     
131            	33146	25329	37138     
132            	35593	27420	39249     
133            	39715	29580	42533     
134            	41801	32077	46356     
135            	43746	34344	46771     
136            	43646	34739	47373     
137            	44084	37110	50065     
138            	45648	37290	51720     
139            	47983	41303	53274     
140            	52254	43435	55789     
141            	56351	46033	58019     
142            	55493	47340	63951     
143            	56336	49135	66488     
144            	60470	50634	66861     
145            	63915	52627	73043     
146            	71757	55534	81442     
147            	78533	61240	83973     
148            	84466	68576	87529     
149            	85014	68423	90162     
150            	85967	69150	89564     
151            	90452	73029	90174     
152            	92313	82184	92154     
153            	90933	86048	93625     
154            	92521	87435	94855     
155            	96974	88949	94259     
156            	98867	85501	92898     
157            	100768	83767	99298     
158            	101134	88240	104215    
159            	101630	91595	104826    
160            	111535	97406	110580    
161            	125311	99166	113980    
162            	140691	100537	120162    
163            	151253	100376	125651    
164            	173434	106045	135461    
165            	203147	109228	149545    
166            	233800	114309	167311    
167            	252345	116485	206083    
168            	290570	118109	248965    
169            	371156	125787	320966    
170            	469700	141174	387816    
171            	594327	156522	471234    
172            	586518	177182	571020    
173            	410623	202624	616093    
174            	326145	244381	530545    
175            	296324	317002	386115    
176            	273290	414523	321315    
177            	257102	479248	297136    
178            	256489	576914	290352    
179            	259219	610620	290452    
180            	250406	498322	288985    
181            	247913	399043	298327    
182            	257102	349088	304871    
183            	279802	321428	308253    
184            	283977	301658	293769    
185            	291667	293755	261748    
186            	285316	306043	175433    
187            	190154	308230	132813    
188            	130967	317640	120828    
189            	81504	355868	100159    
190            	44858	332510	58005     
191            	28506	192819	18543     
192            	9470	129113	7951      
193            	3710	129946	5025      
194            	2931	113291	4452      
195            	2843	63116	4322      
196            	2604	17141	4222      
197            	2665	6320	4051      
198            	2658	5273	3846      
199            	2593	4828	3762      
200            	2617	4605	3594      
201            	2546	4661	3509      
202            	2535	4529	3482      
203            	2646	4476	3297      
204            	2598	4350	3331      
205            	2575	4239	3267      
206            	2529	4181	3085      
207            	2511	4298	2981      
208            	2472	4306	2944      
209            	2528	4320	2902      
210            	2569	4365	2806      
211            	2544	4234	2663      
212            	2704	4471	2598      
213            	2622	4287	2625      
214            	2578	4139	2477      
215            	2571	4021	2494      
216            	2631	3862	2406      
217            	2654	3540	2405      
218            	2631	3579	2381      
219            	2598	3346	2178      
220            	2663	3192	2197      
221            	2700	2971	2065      
222            	2735	2846	1940      
223            	2761	2670	1830      
224            	2691	2600	1795      
225            	2717	2405	1630      
226            	2789	2253	1536      
227            	2835	2250	1438      
228            	2936	2099	1445      
229            	2949	2013	1331      
230            	3067	1935	1253      
231            	3066	1878	1166      
232            	3175	1802	1145      
233            	3157	1788	1130      
234            	3225	1754	1075      
235            	3257	1547	1113      
236            	3270	1578	1048      
237            	3280	1545	978       
238            	3298	1523	995       
239            	3165	1482	944       
240            	3100	1400	932       
241            	3066	1349	981       
242            	3066	1272	961       
243            	3186	1201	962       
244            	2834	1111	1001      
245            	2710	1060	963       
246            	2843	965	945       
247            	2653	918	955       
248            	2811	835	1004      
249            	2605	823	1036      
250            	2741	871	1020      
251            	3049	836	1002      
252            	2761	892	1194      
253            	3416	1015	1246      
254            	2999	1629	2105      
255            	12142	10544	7390      
